Rank, Fitness, kfsr, krsr_nostim, krsr_stim, kfmm, krmm, kfc_nostim, kfc_stim, S0, R0, D1, D1_over_D2, X
0, -114.4056, 1.0718, 6.3924, 0.25677, 0.01663, 0.23569, 0.033697, 0.032266, 1.8963, 332.49, 0.10249, 3.0908, 10
1, -128.3335, 1.5486, 4.9434, 0.25677, 0.019039, 0.25996, 0.036278, 0.020326, 1.0413, 267.4, 0.093331, 3.503, 10
2, -144.3888, 1.1628, 8.8837, 0.20937, 0.029993, 0.28096, 0.047328, 0.038591, 1.9134, 377.52, 0.085275, 4.6618, 10
3, -149.0797, 1.0511, 4.6095, 1.481, 0.048569, 0.2599, 0.042338, 0.022362, 1.6202, 295.34, 0.092899, 1.5, 10
4, -152.8375, 2.6352, 3.3087, 0.33807, 0.037677, 0.43187, 0.036278, 0.031262, 1.9455, 197.36, 0.067778, 3.3399, 10
5, -153.2555, 0.78702, 7.8777, 0.28713, 0.021645, 0.070595, 0.067776, 0.0087579, 1.2262, 408.85, 0.090354, 5, 10
6, -158.8414, 1.5486, 3.6224, 0.15408, 0.025387, 0.1818, 0.053175, 0.017505, 1.7234, 324.72, 0.093331, 5, 10
7, -159.5583, 2.6865, 4.5246, 0.48588, 0.049306, 0.18751, 0.044424, 0.023349, 1.5904, 258.36, 0.15444, 5, 10
8, -166.7796, 1.7302, 3.6011, 1.2974, 0.089245, 0.09346, 0.014457, 0.0063646, 1.2906, 500, 0.11823, 3.2134, 10
9, -169.4323, 1.7225, 2.8106, 0.98236, 0.066323, 0.15063, 0.030222, 0.012563, 1.0325, 267.4, 0.099665, 2.8718, 10
10, -175.4734, 3.1114, 4.2937, 1.7948, 0.042564, 0.15063, 0.030222, 0.012776, 1.0325, 481.06, 0.055761, 1.5, 10
11, -183.1684, 2.681, 0.50468, 0.474, 0.036078, 0.25996, 0.060666, 0.035833, 0.36764, 279.48, 0.097174, 4.5809, 10
12, -183.6999, 2.1233, 3.979, 0.25487, 0.13085, 0.03855, 0.050987, 0.024976, 0.93584, 203.83, 0.12544, 5, 10
13, -187.2611, 2.2694, 5.2795, 1.1788, 0.11602, 0.12073, 0.024385, 0.023692, 0.71146, 495.21, 0.16184, 4.5136, 10
14, -188.9116, 2.3755, 7.1518, 0.34329, 0.033751, 0.3473, 0.014666, 0.030968, 1.06, 429.17, 0.11611, 4.3305, 10
15, -189.0690, 2.9443, 7.7172, 0.13517, 0.0087538, 0.44351, 0.060343, 0.010227, 1.7193, 311.09, 0.070666, 1.8185, 10
16, -189.2690, 1.7641, 3.796, 0.59479, 0.088354, 0.15238, 0.029644, 0.011372, 1.8933, 343.18, 0.065012, 2.3075, 10
17, -194.7854, 3.384, 0.60882, 1.044, 0.057054, 0.11346, 0.030222, 0.018746, 1.6306, 189.96, 0.05811, 1.5, 10
18, -199.6581, 1.2832, 2.1709, 1.2305, 0.11848, 0.078813, 0.055258, 0.019017, 1.0325, 234.2, 0.061576, 1.5, 10
19, -201.4700, 2.4276, 4.3054, 1.9293, 0.077435, 0.065713, 0.0076581, 0.020095, 1.7412, 466.49, 0.1238, 4.8099, 10
20, -208.4659, 0.60265, 0.50654, 0.23443, 3.3852, 0.059963, 0.10275, 0.10802, 1.014, 111.61, 0.18375, 2.4066, 10
21, -218.0200, 0.70229, 4.3404, 0.63025, 0.038608, 0.1662, 0.029859, 0.021855, 1.2814, 392.76, 0.052879, 4.3424, 10
22, -222.2409, 1.8702, 5.6287, 0.24399, 0.025772, 0.46573, 0.020887, 0.02706, 1.334, 500, 0.05, 5, 10
23, -225.1782, 3.0339, 1.3692, 0.1, 0.11532, 0.26524, 0.050257, 0.019265, 0.98929, 291.67, 0.095234, 1.5, 10
24, -227.8980, 0.62883, 0.49275, 0.82595, 0.034949, 0.29068, 0.026182, 0.019583, 1.698, 271.28, 0.10066, 1.5, 10
25, -229.3144, 2.1334, 1.5806, 0.1, 0.027264, 0.10875, 0.038181, 0.023646, 0.52777, 243.73, 0.05, 3.503, 10
26, -233.5295, 0.31233, 5.5105, 1.8836, 0.053441, 0.22447, 0.026368, 0.018715, 1.6752, 417.48, 0.11159, 2.9573, 10
27, -237.6925, 2.893, 4.0995, 0.16954, 0.027763, 0.2633, 0.070315, 0.033174, 1.7682, 100, 0.14021, 5, 10
28, -237.8735, 1.2096, 0.3664, 0.1, 0.014061, 0.01, 0.041468, 0.011373, 0.53173, 495.06, 0.12766, 5, 10
29, -238.2440, 1.9084, 4.6629, 0.48282, 0.066323, 0.01, 0.058292, 0.0074101, 0.45473, 415.38, 0.076382, 1.5, 10
30, -238.2803, 1.0521, 3.4869, 0.68265, 0.0038311, 0.13069, 0.030222, 0.0069075, 1.1432, 491.14, 0.060234, 3.9985, 10
31, -249.9736, 3.2778, 2.8825, 0.2937, 0.016977, 0.075438, 0.017061, 0.02263, 0.28838, 331.66, 0.098469, 2.0614, 10
32, -250.3255, 0.81707, 2.8106, 1.1264, 0.03389, 0.1998, 0.057193, 0.016674, 1.5322, 350.84, 0.05, 2.9334, 10
33, -254.2724, 2.3285, 3.2326, 0.25238, 0.012087, 0.34234, 0.036278, 0.039635, 1.1153, 475.9, 0.05, 4.2716, 10
34, -254.6805, 3.3473, 5.2813, 1.9128, 0.030247, 0.13144, 0.030222, 0.023123, 1.4277, 277.64, 0.18957, 4.3716, 10
35, -262.6174, 0.41927, 1.0977, 0.41739, 0.024324, 0.1544, 0.027082, 0.038946, 1.1683, 361.89, 0.052121, 5, 10
36, -264.2824, 0.84901, 2.2811, 1.2861, 0.11582, 0.01, 0.030368, 0.015009, 1.0325, 253.72, 0.086765, 4.8289, 10
37, -277.9039, 1.7225, 2.8106, 1.2617, 0.097523, 0.11911, 0.057772, 0.0098549, 1.1887, 336.41, 0.05, 1.5499, 10
38, -280.6737, 1.3901, 2.6531, 1.5857, 0.066323, 0.27578, 0.040799, 0.022348, 1.8067, 422.72, 0.16445, 3.9268, 10
39, -281.3214, 3.2367, 5.3814, 0.39342, 0.044012, 0.10993, 0.022645, 0.0063045, 1.9844, 430.45, 0.11725, 1.9547, 10
40, -283.1962, 1.9503, 0.43178, 0.34002, 0.094824, 0.023728, 0.0082601, 0.013033, 1.7366, 476.84, 0.19414, 5, 10
41, -286.7090, 2.2792, 3.2042, 0.24902, 0.035824, 0.17197, 0.05558, 0.013563, 1.6979, 414.36, 0.063687, 5, 10
42, -287.5559, 0.83422, 1.3799, 0.25677, 0.029029, 0.51403, 0.014248, 0.0092692, 0.54591, 500, 0.11806, 3.8321, 10
43, -289.7915, 1.6203, 0.67433, 0.14649, 0.034885, 0.15427, 0.066002, 0.028565, 1.0413, 500, 0.086085, 2.7993, 10
44, -301.1949, 1.4024, 4.1891, 0.2659, 0.023237, 0.15756, 0.048383, 0.027855, 1.0973, 145.53, 0.10908, 1.5, 10
45, -311.6157, 2.4312, 5.8373, 0.1, 0.0082216, 0.32966, 0.015935, 0.021746, 1.7639, 354.55, 0.096954, 1.5, 10
46, -313.4789, 1.4457, 5.5388, 0.42504, 0.049743, 0.021719, 0.0554, 0.0055619, 1.0325, 392.29, 0.11192, 3.6612, 10
47, -314.1838, 1.3523, 6.3186, 0.29471, 0.0016751, 0.31942, 0.044978, 0.030411, 1.741, 349.66, 0.11189, 3.7005, 10
48, -315.4980, 3.1259, 2.726, 0.68195, 0.072803, 0.26302, 0.026761, 0.0099299, 1.5163, 227.91, 0.16434, 4.3789, 10
49, -317.6400, 1.5306, 9.2806, 0.27896, 0.036108, 0.25996, 0.070198, 0.01066, 1.1279, 212.83, 0.093092, 3.6103, 10
50, -325.5040, 0.6215, 1.8782, 1.2221, 0.0064256, 0.021528, 0.2032, 0.52149, 1.6297, 109.38, 0.083576, 2.1717, 10
51, -329.9223, 0.27346, 0.43828, 0.96018, 0.10256, 0.01, 0.05276, 0.0080277, 0.70306, 425.77, 0.092987, 1.5, 10
52, -335.9090, 1.9476, 1.743, 0.11077, 0.0075878, 0.45794, 0.052572, 0.006008, 1.8172, 423.38, 0.05, 2.1396, 10
53, -339.0150, 1.4196, 7.6176, 0.25677, 0.023548, 0.50563, 0.041187, 0.011225, 1.8992, 219.69, 0.08709, 5, 10
54, -346.4939, 2.0562, 2.8106, 1.2497, 0.059964, 0.033077, 0.0047832, 0.014924, 0.81374, 428.07, 0.11876, 5, 10
55, -356.9829, 1.8536, 9.6554, 0.32985, 0.01568, 0.054312, 0.061799, 0.038908, 0.37042, 373.3, 0.089047, 4.2079, 10
56, -358.5001, 1.1571, 5.1725, 0.32633, 0.096779, 0.16519, 0.021412, 0.0053621, 1.9651, 365.1, 0.05, 2.3231, 10
57, -361.0841, 3.9804, 67.021, 3.4141, 0.10706, 0.35078, 0.37376, 3.8381, 5.5867, 155.06, 0.14571, 2.5503, 10
58, -366.1184, 3.4209, 3.5885, 0.89437, 0.087948, 0.058689, 0.038255, 0.015981, 1.4919, 488.44, 0.05, 3.954, 10
59, -366.4995, 3.09, 0.64268, 0.47208, 0.019718, 0.020151, 0.046483, 0.030755, 1.6856, 455.1, 0.15223, 2.8649, 10
60, -370.9965, 2.5275, 5.6964, 0.1, 0.036864, 0.10139, 0.068139, 0.005247, 1.5487, 398.09, 0.05, 1.5, 10
61, -377.0147, 2.4223, 2.1701, 0.17038, 0.0036738, 0.079571, 0.020309, 0.024606, 0.47645, 267.4, 0.05, 2.3297, 10
62, -377.6030, 1.0118, 112.59, 49.293, 0.23163, 0.1964, 2.9274, 0.29728, 4.0783, 407.61, 0.12287, 2.001, 10
63, -379.0430, 2.1432, 2.7643, 30.419, 0.056569, 3.2016, 3.2472, 0.1709, 9.3237, 132.74, 0.10045, 3.9437, 10
64, -379.7258, 0.95149, 0.26056, 1.3451, 0.11003, 0.27513, 0.0068238, 0.0099964, 1.0325, 319.53, 0.12043, 3.4371, 10
65, -381.8248, 1.5004, 6.3575, 1.1936, 0.032523, 11.487, 5.6603, 0.17838, 0.75775, 239.57, 0.12036, 1.6463, 10
66, -387.6084, 2.3358, 0.14979, 0.24307, 0.10162, 0.011036, 0.042994, 0.016063, 1.5753, 267.4, 0.18109, 2.3545, 10
67, -397.5231, 0.96378, 2.3259, 0.47624, 0.10647, 0.050053, 0.058302, 0.012563, 0.52548, 169.1, 0.099665, 3.5634, 10
68, -402.6716, 2.9272, 25.415, 0.16812, 1.9563, 0.29998, 0.014335, 0.46584, 1.5341, 207.98, 0.18754, 2.9523, 10
69, -404.2633, 0.63444, 1.1192, 3.3112, 0.0021229, 0.23865, 0.16087, 0.72505, 2.9833, 274.91, 0.05501, 1.9774, 10
70, -415.1353, 2.9058, 2.1767, 0.65921, 0.015589, 0.01, 0.041761, 0.0039111, 1.301, 484.21, 0.10652, 4.9244, 10
71, -419.1808, 1.2757, 3.212, 1.1591, 0.10165, 0.15095, 0.046689, 0.017412, 2.0041, 121.39, 0.09813, 2.3827, 10
72, -420.0209, 0.40874, 4.5011, 0.78601, 0.12226, 0.16603, 0.030222, 0.02419, 1.1214, 234.23, 0.11706, 1.5, 10
73, -420.2717, 7.6149, 0.59994, 5.8779, 0.004023, 9.304, 0.57626, 0.76734, 3.195, 115.22, 0.088715, 4.2832, 10
74, -425.8679, 2.4289, 3.2758, 0.1, 0.022425, 0.19231, 0.033485, 0.020494, 1.7063, 128.41, 0.05, 1.5, 10
75, -428.7153, 0.026509, 0.85336, 0.89495, 6.6639, 0.28005, 0.088419, 1.2212, 7.9309, 148.88, 0.062538, 2.0302, 10
76, -444.3104, 2.5361, 0.13353, 0.22228, 0.10364, 0.01, 0.053351, 0.024853, 0.71825, 100, 0.05, 1.5, 10
77, -445.2908, 2.4921, 1.0079, 1.1723, 0.029448, 0.12177, 0.053994, 0.010479, 1.0325, 198.09, 0.14853, 3.041, 10
78, -446.2507, 0.0035679, 1.5526, 1.3558, 0.0091836, 18.346, 2.6701, 1.2289, 2.4828, 249.44, 0.45059, 2.6218, 10
79, -447.7780, 1.3028, 0.51851, 0.36978, 0.066323, 0.011537, 0.057403, 0.010269, 1.8756, 467.95, 0.19473, 3.1706, 10
80, -461.0765, 9.0565, 79.273, 45.363, 3.6211, 98.713, 3.1465, 5.0649, 0.55233, 439.59, 0.067856, 4.987, 10
81, -497.0585, 1.2307, 9.0163, 0.1, 0.0097537, 0.36488, 0.025743, 0.021456, 1.6331, 462.51, 0.12513, 1.748, 10
